2 2 6 994 0 994 3.65725e+09 1000 3657252.000
2 4 6 994 5 989 3.61725e+09 1000 3617252.000
4 4 11 989 0 989 3.61725e+09 1000 3617251.500
2 8 6 994 19 975 3.50525e+09 1000 3505252.000
4 8 11 989 14 975 3.50525e+09 1000 3505251.500
8 8 25 975 0 975 3.50525e+09 1000 3505250.250
2 16 6 994 49 945 3.26525e+09 1000 3265252.000
4 16 11 989 44 945 3.26525e+09 1000 3265251.500
8 16 25 975 30 945 3.26525e+09 1000 3265250.250
16 16 54 946 0 946 3.27325e+09 1000 3273247.250
2 32 6 994 115 879 2.73725e+09 1000 2737252.000
4 32 11 989 110 879 2.73725e+09 1000 2737251.500
8 32 25 975 96 879 2.73725e+09 1000 2737250.250
16 32 54 946 67 879 2.73725e+09 1000 2737247.250
32 32 118 882 0 882 2.76124e+09 1000 2761240.750
2 64 6 994 240 754 1.73725e+09 1000 1737252.125
4 64 11 989 235 754 1.73725e+09 1000 1737251.625
8 64 25 975 220 755 1.74525e+09 1000 1745250.125
16 64 54 946 191 755 1.74525e+09 1000 1745247.375
32 64 118 882 128 754 1.73724e+09 1000 1737241.000
64 64 238 762 0 762 1.80123e+09 1000 1801228.875
2 128 6 994 455 539 1.72521e+07 1000 17252.104
4 128 11 989 450 539 1.72516e+07 1000 17251.604
8 128 25 975 436 539 1.72502e+07 1000 17250.203
16 128 54 946 409 537 1.2473e+06 1000 1247.304
32 128 118 882 340 542 4.12409e+07 1000 41240.902
64 128 238 762 222 540 2.52289e+07 1000 25228.904
128 128 462 538 0 538 9.2065e+06 1000 9206.504
2 256 6 994 750 244 1.95222e+09 1000 1952219.375
4 256 11 989 745 244 1.95222e+09 1000 1952218.875
8 256 25 975 731 244 1.95222e+09 1000 1952217.500
16 256 54 946 702 244 1.95221e+09 1000 1952214.625
32 256 118 882 638 244 1.95221e+09 1000 1952208.250
64 256 238 762 518 244 1.9522e+09 1000 1952196.250
128 256 462 538 294 244 1.95217e+09 1000 1952173.875
256 256 756 244 0 244 1.95214e+09 1000 1952144.375
