2 2 10637 65 0 65 5.21291e+08 10702 48709.656
2 4 10637 65 2 63 5.05291e+08 10702 47214.609
4 4 10639 63 0 63 5.05291e+08 10702 47214.590
2 8 10637 65 5 60 4.81291e+08 10702 44972.039
4 8 10639 63 3 60 4.81291e+08 10702 44972.016
8 8 10642 60 0 60 4.8129e+08 10702 44971.992
2 16 10637 65 10 55 4.41291e+08 10702 41234.418
4 16 10639 63 8 55 4.41291e+08 10702 41234.398
8 16 10642 60 5 55 4.4129e+08 10702 41234.371
16 16 10648 54 0 54 4.3329e+08 10702 40486.789
2 32 10637 65 18 47 3.77291e+08 10702 35254.227
4 32 10639 63 16 47 3.77291e+08 10702 35254.207
8 32 10642 60 13 47 3.7729e+08 10702 35254.180
16 32 10648 54 7 47 3.7729e+08 10702 35254.125
32 32 10655 47 0 47 3.77289e+08 10702 35254.059
2 64 10637 65 24 41 3.29291e+08 10702 30769.086
4 64 10639 63 22 41 3.29291e+08 10702 30769.064
8 64 10642 60 19 41 3.2929e+08 10702 30769.037
16 64 10648 54 13 41 3.2929e+08 10702 30768.980
32 64 10655 47 6 41 3.29289e+08 10702 30768.914
64 64 10661 41 0 41 3.29288e+08 10702 30768.861
2 128 10637 65 24 41 3.29291e+08 10702 30769.086
4 128 10639 63 22 41 3.29291e+08 10702 30769.064
8 128 10642 60 19 41 3.2929e+08 10702 30769.037
16 128 10648 54 13 41 3.2929e+08 10702 30768.980
32 128 10655 47 6 41 3.29289e+08 10702 30768.914
64 128 10661 41 0 41 3.29288e+08 10702 30768.861
128 128 10661 41 0 41 3.29288e+08 10702 30768.861
2 256 10637 65 24 41 3.29291e+08 10702 30769.086
4 256 10639 63 22 41 3.29291e+08 10702 30769.064
8 256 10642 60 19 41 3.2929e+08 10702 30769.037
16 256 10648 54 13 41 3.2929e+08 10702 30768.980
32 256 10655 47 6 41 3.29289e+08 10702 30768.914
64 256 10661 41 0 41 3.29288e+08 10702 30768.861
128 256 10661 41 0 41 3.29288e+08 10702 30768.861
256 256 10661 41 0 41 3.29288e+08 10702 30768.861
