Data 0
2 2 6 994 0 994 3.65725e+09 1000 3657252.000
2 4 6 994 5 989 3.61725e+09 1000 3617252.000
4 4 11 989 0 989 3.61725e+09 1000 3617251.500
2 8 6 994 19 975 3.50525e+09 1000 3505252.000
4 8 11 989 14 975 3.50525e+09 1000 3505251.500
8 8 25 975 0 975 3.50525e+09 1000 3505250.250
2 16 6 994 49 945 3.26525e+09 1000 3265252.000
4 16 11 989 44 945 3.26525e+09 1000 3265251.500
8 16 25 975 30 945 3.26525e+09 1000 3265250.250
16 16 54 946 0 946 3.27325e+09 1000 3273247.250
2 32 6 994 115 879 2.73725e+09 1000 2737252.000
4 32 11 989 110 879 2.73725e+09 1000 2737251.500
8 32 25 975 96 879 2.73725e+09 1000 2737250.250
16 32 54 946 67 879 2.73725e+09 1000 2737247.250
32 32 118 882 0 882 2.76124e+09 1000 2761240.750
2 64 6 994 240 754 1.73725e+09 1000 1737252.125
4 64 11 989 235 754 1.73725e+09 1000 1737251.625
8 64 25 975 220 755 1.74525e+09 1000 1745250.125
16 64 54 946 191 755 1.74525e+09 1000 1745247.375
32 64 118 882 128 754 1.73724e+09 1000 1737241.000
64 64 238 762 0 762 1.80123e+09 1000 1801228.875
2 128 6 994 455 539 1.72521e+07 1000 17252.104
4 128 11 989 450 539 1.72516e+07 1000 17251.604
8 128 25 975 436 539 1.72502e+07 1000 17250.203
16 128 54 946 409 537 1.2473e+06 1000 1247.304
32 128 118 882 340 542 4.12409e+07 1000 41240.902
64 128 238 762 222 540 2.52289e+07 1000 25228.904
128 128 462 538 0 538 9.2065e+06 1000 9206.504
2 256 6 994 750 244 1.95222e+09 1000 1952219.375
4 256 11 989 745 244 1.95222e+09 1000 1952218.875
8 256 25 975 731 244 1.95222e+09 1000 1952217.500
16 256 54 946 702 244 1.95221e+09 1000 1952214.625
32 256 118 882 638 244 1.95221e+09 1000 1952208.250
64 256 238 762 518 244 1.9522e+09 1000 1952196.250
128 256 462 538 294 244 1.95217e+09 1000 1952173.875
256 256 756 244 0 244 1.95214e+09 1000 1952144.375
Data 1
2 2 132738 526 0 526 4.22404e+09 133264 31696.814
2 4 132738 526 0 526 4.22404e+09 133264 31696.814
4 4 132738 526 0 526 4.22404e+09 133264 31696.814
2 8 132738 526 15 511 4.10404e+09 133264 30796.346
4 8 132738 526 15 511 4.10404e+09 133264 30796.346
8 8 132753 511 0 511 4.10404e+09 133264 30796.334
2 16 132738 526 15 511 4.10404e+09 133264 30796.346
4 16 132738 526 15 511 4.10404e+09 133264 30796.346
8 16 132753 511 0 511 4.10404e+09 133264 30796.334
16 16 132753 511 0 511 4.10404e+09 133264 30796.334
2 32 132738 526 39 487 3.91204e+09 133264 29355.598
4 32 132738 526 39 487 3.91204e+09 133264 29355.598
8 32 132753 511 24 487 3.91204e+09 133264 29355.586
16 32 132753 511 24 487 3.91204e+09 133264 29355.586
32 32 132777 487 0 487 3.91204e+09 133264 29355.568
2 64 132738 526 78 448 3.60004e+09 133264 27014.379
4 64 132738 526 78 448 3.60004e+09 133264 27014.379
8 64 132753 511 63 448 3.60004e+09 133264 27014.367
16 64 132753 511 63 448 3.60004e+09 133264 27014.367
32 64 132777 487 39 448 3.60004e+09 133264 27014.352
64 64 132816 448 0 448 3.60004e+09 133264 27014.320
2 128 132738 526 290 236 1.90404e+09 133264 14287.762
4 128 132738 526 290 236 1.90404e+09 133264 14287.762
8 128 132753 511 275 236 1.90404e+09 133264 14287.750
16 128 132753 511 275 236 1.90404e+09 133264 14287.750
32 128 132777 487 251 236 1.90404e+09 133264 14287.732
64 128 132816 448 212 236 1.90404e+09 133264 14287.703
128 128 133022 242 0 242 1.95202e+09 133264 14647.736
2 256 132738 526 322 204 1.64804e+09 133264 12366.763
4 256 132738 526 322 204 1.64804e+09 133264 12366.763
8 256 132753 511 307 204 1.64804e+09 133264 12366.751
16 256 132753 511 307 204 1.64804e+09 133264 12366.751
32 256 132777 487 283 204 1.64804e+09 133264 12366.733
64 256 132816 448 244 204 1.64804e+09 133264 12366.704
128 256 133022 242 38 204 1.64802e+09 133264 12366.550
256 256 133060 204 0 204 1.64801e+09 133264 12366.521
Data 2
2 2 10637 65 0 65 5.21291e+08 10702 48709.656
2 4 10637 65 2 63 5.05291e+08 10702 47214.609
4 4 10639 63 0 63 5.05291e+08 10702 47214.590
2 8 10637 65 5 60 4.81291e+08 10702 44972.039
4 8 10639 63 3 60 4.81291e+08 10702 44972.016
8 8 10642 60 0 60 4.8129e+08 10702 44971.992
2 16 10637 65 10 55 4.41291e+08 10702 41234.418
4 16 10639 63 8 55 4.41291e+08 10702 41234.398
8 16 10642 60 5 55 4.4129e+08 10702 41234.371
16 16 10648 54 0 54 4.3329e+08 10702 40486.789
2 32 10637 65 18 47 3.77291e+08 10702 35254.227
4 32 10639 63 16 47 3.77291e+08 10702 35254.207
8 32 10642 60 13 47 3.7729e+08 10702 35254.180
16 32 10648 54 7 47 3.7729e+08 10702 35254.125
32 32 10655 47 0 47 3.77289e+08 10702 35254.059
2 64 10637 65 24 41 3.29291e+08 10702 30769.086
4 64 10639 63 22 41 3.29291e+08 10702 30769.064
8 64 10642 60 19 41 3.2929e+08 10702 30769.037
16 64 10648 54 13 41 3.2929e+08 10702 30768.980
32 64 10655 47 6 41 3.29289e+08 10702 30768.914
64 64 10661 41 0 41 3.29288e+08 10702 30768.861
2 128 10637 65 24 41 3.29291e+08 10702 30769.086
4 128 10639 63 22 41 3.29291e+08 10702 30769.064
8 128 10642 60 19 41 3.2929e+08 10702 30769.037
16 128 10648 54 13 41 3.2929e+08 10702 30768.980
32 128 10655 47 6 41 3.29289e+08 10702 30768.914
64 128 10661 41 0 41 3.29288e+08 10702 30768.861
128 128 10661 41 0 41 3.29288e+08 10702 30768.861
2 256 10637 65 24 41 3.29291e+08 10702 30769.086
4 256 10639 63 22 41 3.29291e+08 10702 30769.064
8 256 10642 60 19 41 3.2929e+08 10702 30769.037
16 256 10648 54 13 41 3.2929e+08 10702 30768.980
32 256 10655 47 6 41 3.29289e+08 10702 30768.914
64 256 10661 41 0 41 3.29288e+08 10702 30768.861
128 256 10661 41 0 41 3.29288e+08 10702 30768.861
256 256 10661 41 0 41 3.29288e+08 10702 30768.861
