2 2 132738 526 0 526 4.22404e+09 133264 31696.814
2 4 132738 526 0 526 4.22404e+09 133264 31696.814
4 4 132738 526 0 526 4.22404e+09 133264 31696.814
2 8 132738 526 15 511 4.10404e+09 133264 30796.346
4 8 132738 526 15 511 4.10404e+09 133264 30796.346
8 8 132753 511 0 511 4.10404e+09 133264 30796.334
2 16 132738 526 15 511 4.10404e+09 133264 30796.346
4 16 132738 526 15 511 4.10404e+09 133264 30796.346
8 16 132753 511 0 511 4.10404e+09 133264 30796.334
16 16 132753 511 0 511 4.10404e+09 133264 30796.334
2 32 132738 526 39 487 3.91204e+09 133264 29355.598
4 32 132738 526 39 487 3.91204e+09 133264 29355.598
8 32 132753 511 24 487 3.91204e+09 133264 29355.586
16 32 132753 511 24 487 3.91204e+09 133264 29355.586
32 32 132777 487 0 487 3.91204e+09 133264 29355.568
2 64 132738 526 78 448 3.60004e+09 133264 27014.379
4 64 132738 526 78 448 3.60004e+09 133264 27014.379
8 64 132753 511 63 448 3.60004e+09 133264 27014.367
16 64 132753 511 63 448 3.60004e+09 133264 27014.367
32 64 132777 487 39 448 3.60004e+09 133264 27014.352
64 64 132816 448 0 448 3.60004e+09 133264 27014.320
2 128 132738 526 290 236 1.90404e+09 133264 14287.762
4 128 132738 526 290 236 1.90404e+09 133264 14287.762
8 128 132753 511 275 236 1.90404e+09 133264 14287.750
16 128 132753 511 275 236 1.90404e+09 133264 14287.750
32 128 132777 487 251 236 1.90404e+09 133264 14287.732
64 128 132816 448 212 236 1.90404e+09 133264 14287.703
128 128 133022 242 0 242 1.95202e+09 133264 14647.736
2 256 132738 526 322 204 1.64804e+09 133264 12366.763
4 256 132738 526 322 204 1.64804e+09 133264 12366.763
8 256 132753 511 307 204 1.64804e+09 133264 12366.751
16 256 132753 511 307 204 1.64804e+09 133264 12366.751
32 256 132777 487 283 204 1.64804e+09 133264 12366.733
64 256 132816 448 244 204 1.64804e+09 133264 12366.704
128 256 133022 242 38 204 1.64802e+09 133264 12366.550
256 256 133060 204 0 204 1.64801e+09 133264 12366.521
